350.000000 45.000000 45.000000
350.000000 45.000000 45.000000
350.000000 45.000000 45.000000
350.000000 45.000000 45.000000
350.000000 45.000000 45.000000
350.000000 45.000000 45.000000
350.000000 45.000000 45.000000
350.000000 45.000000 45.000000
350.000000 45.000000 45.000000
350.000000 45.000000 45.000000
350.000000 45.000000 45.000000
350.000000 45.000000 45.000000
350.000000 45.000000 45.000000
350.000000 45.000000 45.000000
350.000000 45.000000 45.000000
350.000000 45.000000 45.000000
350.000000 45.000000 45.000000
350.000000 45.000000 45.000000
350.000000 45.000000 45.000000
350.000000 45.000000 45.000000
350.000000 45.000000 45.000000
350.000000 45.000000 45.000000
350.000000 45.000000 45.000000
350.000000 45.000000 45.000000
350.000000 45.000000 45.000000
350.000000 45.000000 45.000000
350.000000 45.000000 45.000000
350.000000 45.000000 45.000000
350.000000 45.000000 45.000000
350.000000 45.000000 45.000000
350.000000 45.000000 45.000000
350.000000 45.000000 45.000000
350.000000 45.000000 45.000000
350.000000 45.000000 45.000000
350.000000 45.000000 45.000000
350.000000 45.000000 45.000000
350.000000 45.000000 45.000000
350.000000 45.000000 45.000000
350.000000 45.000000 45.000000
350.000000 45.000000 45.000000
350.000000 45.000000 45.000000
350.000000 45.000000 45.000000
350.000000 45.000000 45.000000
350.000000 45.000000 45.000000
350.000000 45.000000 45.000000
350.000000 45.000000 45.000000
350.000000 45.000000 45.000000
350.000000 45.000000 45.000000
350.000000 45.000000 45.000000
350.000000 45.000000 45.000000
341.253571 45.000000 45.000000
332.507141 45.000000 45.000000
324.185486 45.000000 45.000000
315.863831 45.000000 45.000000
307.542175 45.000000 45.000000
299.220520 45.000000 45.000000
290.898865 45.000000 45.000000
282.836609 45.000000 45.000000
274.774353 45.000000 45.000000
266.712097 45.000000 45.000000
258.649841 45.000000 45.000000
250.587585 45.000000 45.000000
242.955414 45.000000 45.000000
235.323242 45.000000 45.000000
227.691071 45.000000 45.000000
220.058899 45.000000 45.000000
212.426727 45.000000 45.000000
204.794556 45.000000 45.000000
197.162384 45.000000 45.000000
190.216156 45.000000 45.000000
183.269928 45.000000 45.000000
176.323700 45.000000 45.000000
169.377472 45.000000 45.000000
162.431244 45.000000 45.000000
155.485016 45.000000 45.000000
148.538788 45.000000 45.000000
142.019592 45.000000 45.000000
135.500397 45.000000 45.000000
128.981201 45.000000 45.000000
122.461998 45.000000 45.000000
116.197014 45.000000 45.000000
109.932030 45.000000 45.000000
104.101074 45.000000 45.000000
98.270119 45.000000 45.000000
92.439163 45.000000 45.000000
86.608208 45.000000 45.000000
80.777252 45.000000 45.000000
75.368927 45.000000 45.000000
69.960602 45.000000 45.000000
64.812790 45.000000 45.000000
59.664974 45.000000 45.000000
54.517159 45.000000 45.000000
49.369343 45.000000 45.000000
44.652351 45.000000 45.000000
39.935360 45.000000 45.000000
35.218369 45.000000 45.000000
30.501377 45.000000 45.000000
25.784386 45.000000 45.000000
21.067394 45.000000 45.000000
17.036266 45.000000 45.000000
13.005137 45.000000 45.000000
8.974009 45.000000 45.000000
4.942880 45.000000 45.000000
0.911751 45.000000 45.000000
0.911751 45.000000 45.000000
0.911751 45.000000 45.000000
0.911751 45.000000 45.000000
0.911751 45.000000 45.000000
0.911751 45.000000 45.000000
0.911751 45.000000 45.000000
0.911751 45.000000 45.000000
0.911751 45.000000 45.000000
0.911751 45.000000 45.000000
0.911751 45.000000 45.000000
0.911751 45.000000 45.000000
0.911751 45.000000 45.000000
0.911751 45.000000 45.000000
0.911751 45.000000 45.000000
0.911751 45.000000 45.000000
0.911751 45.000000 45.000000
0.911751 45.000000 45.000000
0.911751 45.000000 45.000000
0.911751 45.000000 45.000000
0.911751 45.000000 45.000000
0.911751 45.000000 45.000000
0.911751 45.000000 45.000000
0.911751 45.000000 45.000000
0.911751 45.000000 45.000000
0.911751 45.000000 45.000000
0.911751 45.000000 45.000000
0.911751 45.000000 45.000000
0.911751 45.000000 45.000000
0.911751 45.000000 45.000000
0.911751 45.000000 45.000000
0.911751 45.000000 45.000000
0.911751 45.000000 45.000000
0.911751 45.000000 45.000000
0.911751 45.000000 45.000000
0.911751 45.000000 45.000000
0.911751 45.000000 45.000000
0.911751 45.000000 45.000000
0.911751 45.000000 45.000000
0.911751 45.000000 45.000000
0.911751 45.000000 45.000000
0.911751 45.000000 44.000000
0.911751 45.000000 41.000000
0.911751 45.000000 36.000000
0.911751 45.000000 30.000000
0.911751 45.000000 23.000000
0.911751 45.000000 15.000000
0.911751 45.000000 7.000000
0.911751 45.000000 -1.000000
-4.088249 45.000000 -1.000000
-9.088249 45.000000 -1.000000
-14.088249 45.000000 -1.000000
-19.088249 45.000000 -1.000000
-24.088249 45.000000 -1.000000
-29.088249 45.000000 -1.000000
-34.088249 45.000000 -1.000000
-39.088249 45.000000 -1.000000
-44.088249 45.000000 -1.000000
-49.088249 45.000000 -1.000000
-54.088249 45.000000 -1.000000
-59.088249 45.000000 -1.000000
-64.088249 45.000000 -1.000000
-69.088249 45.000000 -1.000000
-74.088249 45.000000 -1.000000
-79.088249 45.000000 -1.000000
-84.088249 45.000000 -1.000000
-89.088249 45.000000 -1.000000
-94.088249 45.000000 -1.000000
-99.088249 45.000000 -1.000000
-104.088249 45.000000 -1.000000
-109.088249 45.000000 -1.000000
-114.088249 45.000000 -1.000000
-119.088249 45.000000 -1.000000
-124.088249 45.000000 -1.000000
-129.088257 45.000000 -1.000000
-134.088257 45.000000 -1.000000
-139.088257 45.000000 -1.000000
-144.088257 45.000000 -1.000000
-149.088257 45.000000 -1.000000
-154.088257 45.000000 -1.000000
-159.088257 45.000000 -1.000000
-164.088257 45.000000 -1.000000
-169.088257 45.000000 -1.000000
-174.088257 45.000000 -1.000000
-179.088257 45.000000 -1.000000
-184.088257 45.000000 -1.000000
-189.088257 45.000000 -1.000000
-194.088257 45.000000 -1.000000
-199.088257 45.000000 -1.000000
-204.088257 45.000000 -1.000000
-209.088257 45.000000 -1.000000
-214.088257 45.000000 -1.000000
-219.088257 45.000000 -1.000000
-224.088257 45.000000 -1.000000
-229.088257 45.000000 -1.000000
-234.088257 45.000000 -1.000000
-239.088257 45.000000 -1.000000
-244.088257 45.000000 -1.000000
-249.088257 45.000000 -1.000000
-254.088257 45.000000 -1.000000
-259.088257 45.000000 -1.000000
-264.088257 45.000000 -1.000000
-269.088257 45.000000 -1.000000
-274.088257 45.000000 -1.000000
-279.088257 45.000000 -1.000000
-284.088257 45.000000 -1.000000
-289.088257 45.000000 -1.000000
-294.088257 45.000000 -1.000000
-299.088257 45.000000 -1.000000
-304.088257 45.000000 -1.000000
-309.088257 45.000000 -1.000000
